28161 28122 27773 28339 27887 27928 27917 27922 27256 26731 28002 27773 28339 27917 27922 28130 26791 26789 27390 26805 27647 27267 27256 26731 26738 28139 28416 28416
27778 27839 27977 27773 28083 28081 28737 28067 28000 27999 27980 27979 28003 28002 28076 27801 26234 28072 28072 28072 26234 26235 26232 26233 27791 27800
28005 21142 28003 28292 27255 27255 27255 28002
27979 28006 28003 28003 28003 28002
28122 27887 27773 28339 15414 26731 28002 27773 28339 15414 28130 26791 26789 27390 26805 27647 27267 27130 26731 26740 26739 28139 28416 28416
28130 28274 27378 26805 26828 26829 28127 27887 27977 28737 27999 28004 15414 27256 28002 28139
28161 27887 27928 27917 27922 27256 26731 28002
28161 28122 27773 28067 28339 27887 27928 27973 27666 27973 27668 28072 27670 28072 27672 27917 27922 27256 26731 28002 28139 28416 28416
28002
28274 28122 26380 26384 26386 26388 25979 25979 27773 28067 28339 27999 27781 27773 28067 20998 28339 28002 28339 28002 27999 28139
28161 28122 27773 28339 27887 27928 27917 27922 27256 26731 28002 27773 28339 27917 27922 28130 26791 26789 26780 26805 27647 27267 27256 26731 26739 26740 28139 28416
28416 28122 27887 27773 28339 15414 26731 28002 27773 28339 15414 28130 26791 26789 27390 26805 27647 27267 27130 26731 26740 26739 28139 28416
28161 28122 27773 28339 27887 27928 27917 27922 27256 26731 28002 27773 28339 27917 27922 28130 26791 26789 27390 26805 27647 27267 27256 26731 26738 28139 28416 28416
28161 28122 27773 28067 28339 27887 27928 27917 27922 27256 26731 28002 27773 28067 28339 27917 27922 28130 26791 26789 26780 26805 27647 27267 27256 26731 26739 26740 28139
28003 28002 28000 27999 27997 28339 27991 28339 27994 28339 27998 28339 27990 27989 27994 28339 27981
28388 28178 28161 27928 27973 27666 27973 27668 27974 27670 27974 27672 28388 27887 27917 27922 27256 26731 28002
28161 28122 27773 28339 27887 27928 27917 27922 27256 26731 28002 27773 28339 27917 27922 28130 26791 26789 27390 26805 27647 27267 27256 26731 26738 28139
28002
28161 28122 27773 28339 27887 27928 27917 27922 27256 26731 28002 27773 28339 27917 27922 28130 26791 26789 27390 26805 27647 27267 27256 26731 26738 28139 28416 28416
28388 28161 28388 27928 27973 27666 27973 27668 27974 27670 27974 27672 27917 27922 27256 26731 28002
28122 27773 28067 28002 27977 28737 28003 27255 27255 28292 28003 27255 27255 28292
28122 27773 28067 28002
28122 27773 28067 28002
28122 27887 27773 28339 15414 26731 28002 27773 28339 15414 28130 26791 26789 27647 27267 27130 26731 26740 26739 28139 28416
28388 27973 27973 15414 28002
23975 28178 28161 27928 28274 26829 26828 28537 23975 28388 27887 28072 27977 28737 28067 28002 27999 28737 28067 27999 28002 28416 28139
28003 27917 27255 27255 27255 27922 27256 28002
28122 27887 27773 28067 28339 15414 27256 26731 28002 27773 28067 28339 15414 28048 28130 26791 26789 26780 27647 27267 27256 27130 26731 26740 26739 28139 28416
28737 28067 28002 28003 28002 28004
28416 28122 27887 27773 28339 15414 26731 28002 27773 28339 15414 28130 26791 26789 27390 26805 27647 27267 27130 26731 26740 26739 28139 28416
28122 27887 27773 28339 15414 26731 28002 27773 28339 15414 28130 26791 26789 27390 27267 27130 26731 26740 26739 28139 28416 28416
28825 28825 28825
28161 28122 27773 28339 27887 27928 27917 27922 27256 26731 28002 27773 28339 27917 27922 28130 26791 26789 27390 26805 27647 27267 27256 26731 26738 28139 28416 28416
28161 28122 27773 28339 27887 27928 27917 27922 27256 26731 28002 27773 28339 27917 27922 28130 26791 26789 27390 26805 27647 27267 27256 26731 26738 28139 28416 28416
28122 28161 27773 28067 28339 27999 28339 27999 28339 27999 27999 27999 28339 27999 28339 27999 28339 27999 27773 28067 28339 27999 28339 27999 27999 28825 28825 28825 27773 28067 28339 28067 28339 28067 28339 28067 28339 27773 28067 28825 28339 28002 28339 28002 28067 28339 27999 28002 28067 28067 28825 28825 28825 28339 28002 28339 28002 28339 28002 28339 28002 28067 28339 28002 28339 27999 28339 27999 28339 27999 28339 27999 28339 27999 28339 27999 27879 27810 27795 28139
28122 27887 27773 28067 28339 15414 27256 26731 28002 27773 28067 28339 15414 28048 28130 26791 26789 26780 27647 27267 27256 27130 26731 26740 26739 28139 28416
27981 27979 28003 28002 27997 28339 27991 28339 27994 28339 27981
28161 28122 27773 28067 28339 28002 27773 28067 28339 27975 21142 28002 28139 28416
28161 28122 27773 28339 27887 27928 27917 27922 27256 26731 28002 27773 28339 27917 27922 28130 26791 26789 27390 26805 27647 27267 27256 26731 26738 28139 28416 28416
28122 27887 27773 28339 15414 26731 28002 27773 28339 15414 28130 26791 26789 26780 27647 27267 27130 26731 26740 26739 28139 28416
28130 26780 26789 16839 16184 28274 27378 26380 26384 26388 26386 26163 26829 26828 28130 26780 26789 28274 27378 26163 28274 28130 26780 26789 27647 27378 26163 28274 26829 26828 28122 27784 27791 27773 28067 27999 28339 27791 28067 27999 28339 27791 28067 27999 28339 27791 28067 27999 28339 27791 28067 27999 28339 27791 28067 28339 27999 27773 28067 27999 28339 27887 27773 27791 28067 27999 27999 15414 26731 28002 28339 27791 28067 27999 27999 15414 26731 28002 28339 27791 28067 27999 27999 15414 26731 28002 28339 27791 28067 27999 27999 15414 26731 28002 28339 27791 28067 27999 27999 15414 26731 28002 28339 27791 28067 27999 27999 15414 26731 28002 28339 27791 28067 27999 27999 15414 26731 28002 28339 27791 28067 27999 27999 15414 26731 28002 28740 28339 27773 28067 27999 27999 28339 28067 27999 27999 15414 26731 28002 28740 28339 28067 27999 27999 15414 26731 28002 28339 28067 27999 27999 15414 26731 28002 28339 28067 27999 27999 15414 26731 28002 28339 28067 27999 27999 15414 26731 28002 28339 28067 27999 27999 15414 26731 28002 28339 28067 27999 27999 15414 26731 28002 28339 28067 27999 27999 15414 26731 28002 28339 28067 27999 27999 15414 26731 28002 28339 28067 27999 27999 15414 26731 28002 28339 28067 27999 28339 28067 27999 27999 15414 26731 28002 28339 28067 27999 27999 15414 26731 28002 28339 28067 27999 27999 15414 26731 28002 28339 28067 27999 27999 15414 26731 28002 28339 28067 27999 27999 15414 26731 28002 28339 28139 28416
28161 28740 28388 28740 28740 28740 28740
28122 27887 27773 28067 28339 15414 27256 26731 28002 27773 28067 28339 15414 28048 28130 26791 26789 26780 27647 27267 27256 27130 26731 26740 26739 28139 28416 28416
28339 28339 28339 28339 28339 28339 28339 27887 27917 26731 28002 28339 28339 28339 28339 27887 27917 26731 28002 28339 28339 28339 28339 27887 27917 26731 28002 28339 28339 28339 27887 27917 26731 28002 28339 27887 27917 26731 28002 28339 28339 28339 28339 28339
28388 27917 27256 28002
28388 27887 28388 28178 28161 27928 27973 27666 27973 27668 27974 27670 27974 27672 27917 27922 27256 28002
28122 28158 27773 28130 26789 27647 26791 26780 27392 28274 27378 26163 26332 27887 15414 26731 28067 28339 27999 27979 28002 27773 28067 28339 28274 27288 26175 27999 27773 28067 28339 28274 27288 26175 27999 27879 27879 27879 27879 28827 28139 28416
28003 28002 28000 27999
25979 28122 27773 28078 28274 26163 27887 27781 27879 27917 27130 28067 28825 27256 28002 28339 28825 27256 28002 28339 27999 25979 28139 28416
28161 28122 27773 28067 28339 27887 27928 27973 27666 27973 27668 28072 27670 28072 27672 27917 27922 27256 26731 28002 28139 28416 27977 28737 28003 27255 28292 28003 28298 28292 27255 27255 28416
28122 27887 27773 28067 28339 15414 27256 26731 28002 27773 28067 28339 15414 28048 28130 26791 26789 26780 27647 27267 27256 27130 26731 26740 26739 28139 28416
28161 28122 27773 28067 28339 27887 27928 27917 27922 27256 26731 28002 27773 28067 28339 27917 27922 28130 26791 26789 26780 26805 27647 27267 27256 26731 26739 26740 28139
28416 28122 27887 27773 28339 15414 26731 28002 27773 28339 15414 28130 26791 26789 27390 26805 27647 27267 27130 26731 26740 26739 28139 28416
27778 27773 28067 28339 28067 28339 28178 28161 27887 27928 27973 27666 27973 27668 28072 27670 28072 27672 27917 27922 27926 27256 26731 28002
28161 28122 27773 28067 28339 27887 27928 27973 27666 27973 27668 28072 27670 28072 27672 27917 27922 27256 26731 28002
28122 27887 27773 28067 28339 15414 27256 26731 28002 27773 28067 28339 15414 28048 28130 26791 26789 26780 27647 27267 27256 27130 26731 26740 26739 28139 28416
28388 28178 27977 27887 28161 27928 27973 27666 27973 28822 27668 28072 27670 28072 28823 27672 27917 27922 27256 28002
28388 27887 28388 28178 28161 27928 27973 27666 27973 27668 27974 27670 27974 27672 27917 27922 27256 28002
28161 28122 27773 28067 28339 27887 27928 27973 27666 27973 27668 28072 27670 28072 27672 27917 27922 27256 26731 28002 28139 28416
28161 28122 27773 28339 27887 27928 27917 27922 27256 26731 28002 27773 28339 27917 27922 28130 26791 26789 27390 26805 27647 27267 27256 26731 26738 28139 28416 28416
28122 27887 27773 28067 28339 15414 27256 26731 28002 27773 28067 28339 15414 28048 28130 26791 26789 26780 27647 27267 27256 27130 26731 26740 26739 28139 28416
28122 27887 27773 28067 28339 15414 27256 26731 28002 27773 28067 28339 15414 28048 28130 26791 26789 26780 27647 27267 27256 27130 26731 26740 26739 28139 28416
28122 27887 27773 28067 28339 15414 27256 26731 28002 27773 28067 28339 15414 28048 28130 26791 26789 26780 27647 27267 27256 27130 26731 26740 26739 28139 28416
28161 28122 27773 28339 27887 27928 27917 27922 27256 26731 28002 27773 28339 27917 27922 28130 26791 26789 27390 26805 27647 27267 27256 26731 26738 28139
28122 27887 27773 28339 15414 26731 28002 27773 28339 15414 28130 26791 26789 27390 26805 27647 27267 27130 26731 26740 26739 28139 28416 28416
28416 28122 27887 27773 28339 15414 26731 28002 27773 28339 15414 28130 26791 26789 27390 26805 27647 27267 27130 26731 26740 26739 28139 28416
28122 27887 27773 28339 15414 26731 28002 27773 28339 15414 28130 26791 26789 27390 26805 27647 27267 27130 26731 26740 26739 28139 28416 28416
28127 27887 27773 28067 28339 28067 28339 27975 28067 28339 28067 28339 28067 28339 28067 28339 28003 28002 28067 28339 28003 28002 28067 28339 28003 28002 28067 28339 28003 28002 28067 28339 28003 28002 28067 28339 28067 28339 28067 28339 28067 28339 28700 28116 27977 28737 27994 28339 28139 28416
28161 28122 27773 28339 27887 27928 27917 27922 27256 26731 28002 27773 28339 27917 27922 28130 26791 26789 27390 26805 27647 27267 27256 26731 26738 28139 28416 28416
28416 28122 27887 27773 28339 15414 26731 28002 27773 28339 15414 28130 26791 26789 27390 26805 27647 27267 27130 26731 26740 26739 28139 28416
28161 28122 27887 27928 27773 28067 28339 27917 27922 27256 26731 28002 27773 28067 28339 27917 27922 27256 26731 28002 27773 28067 28339 27917 27922 28130 26791 26789 26780 26805 27647 27267 27256 26731 26739 26740 28139 28416
28122 27887 27773 28339 15414 26731 28002 27773 28339 15414 28130 26791 26789 27390 26805 27647 27267 27130 26731 26740 26739 28139
28388 27973 27973 15414 28002
27977 27773 28737 28067 28002
27928 27973 27666 27973 27668 28072 27670 28072 27672 27887 27917 27922 27256 26731 28002
27977 28737 28067 28002 28737 28067 28076
28161 28122 27773 28339 27887 27928 27917 27922 27256 26731 28002 27773 28339 27917 27922 28130 26791 26789 27390 26805 27647 27267 27256 26731 26738 28139 28416 28416
27928 27666 27668 27670 27672 27917 27256 27928 27666 27668 27670 27672 27917 27256 27130
28122 27887 27773 28339 15414 26731 28002 27773 28339 15414 28130 26791 26789 27390 26805 27647 27267 27130 26731 26740 26739 28139 28416 28416
27766 28161 28127 28377 27887 28124 28127 27803 28737 28737 28737 28737 28737 28737 28825 28274 26805 26828 26829 28737 28067 27999 28002 28825 28274 26805 26828 26829 28737 28067 27999 28002 28825 28274 26805 26828 26829 28737 28067 27999 28002 28825 28274 26805 26828 26829 28737 28067 27999 28002 28825 28274 26805 26828 26829 28737 28067 27999 28002 28416 28139 28416 28416
28416 28122 27887 27773 28339 15414 26731 28002 27773 28339 15414 28130 26791 26789 27390 26805 27647 27267 27130 26731 26740 26739 28139 28416
28122 27887 27773 28339 15414 26731 28002 28139 28416
28002
27928 27973 27666 27973 27668 27974 27670 27974 27672 27887 27922 27917 27256 26731 28002
28122 27887 27773 28339 15414 26731 28002 27773 28339 15414 28130 26791 26789 27390 26805 27647 27267 27130 26731 26740 26739 28139 28416 28416
27917 27922 27256 26731 28002
28161 28122 27773 28339 27887 27928 27917 27922 27256 26731 28002 27773 28339 27917 27922 28130 26791 26789 27390 26805 27647 27267 27256 26731 26738 28139 28416 28416
28003 28002 28000 27999 27991 28339 27994 28339 27990 27989 27997 28339 27998 28339 27980
28122 28161 28127 28274 28130 28130 27887 27928 26780 26789 26789 26791 26791 26828 26829 26163 26163 27378 28122 28161 28127 28274 28130 28130 27887 27928 26780 26789 26789 26791 26791 26828 26829 26163 26163 27378 27773 28067 27999 27973 27666 27973 27668 28072 27670 28072 27672 27917 27922 27267 27267 27256 26731 28339 28002 27922 27267 27267 27256 26731 28339 28002 27922 27267 27267 27256 26731 28339 28002 27922 27267 27267 27256 26731 28339 28002 27922 27267 27267 27256 26731 28339 28002 27922 27267 27267 27256 26731 28339 28002 27922 27267 27267 27256 26731 28339 28002 27922 27267 27267 27256 26731 28339 28002 27922 27267 27267 27256 26731 28339 28002 27922 27267 27267 27256 26731 28339 28002 27922 27267 27267 27256 26731 28339 28002 27922 27267 27267 27256 26731 28339 28002 27922 27267 27267 27256 26731 28339 28002 27922 27267 27267 27256 26731 28339 28002 27922 27267 27267 27256 26731 28339 28002 27922 27267 27267 27256 26731 28339 28002 27922 27267 27267 27256 26731 28339 28002 27922 27267 27267 27256 26731 28339 28002 27922 27267 27267 27256 26731 28339 28002 27922 27267 27267 27256 26731 28339 28002 27922 27267 27267 27256 26731 28339 28002 27922 27267 27267 27256 26731 28339 28002 27922 27267 27267 27256 26731 28339 28002 27922 27267 27267 27256 26731 28339 28002 27922 27267 27267 27256 26731 28339 28002 27922 27267 27267 27256 26731 28339 28002 27922 27267 27267 27256 26731 28339 28002 27922 27267 27267 27256 26731 28339 28002 27922 27267 27267 27256 26731 28339 28002 27879 27879 27879 27879 27879 27879 27879 27879 27879 27879 27879 27879 27879 27879 27879 27879 27879 27879 27879 27879 27879 27879 27879 27879 27879 27879 27879 27879 27879 27773 28067 27973 27666 27973 27668 28072 27670 28072 27672 27917 27999 27922 27267 27267 27256 26731 28339 28002 27999 27922 27267 27267 27256 26731 28339 28002 27999 27922 27267 27267 27256 26731 28339 28002 27999 27922 27267 27267 27256 26731 28339 28002 27999 27922 27267 27267 27256 26731 28339 28002 27999 27922 27267 27267 27256 26731 28339 28002 27999 27922 27267 27267 27256 26731 28339 28002 27999 27922 27267 27267 27256 26731 28339 28002 27999 27922 27267 27267 27256 26731 28339 28002 27999 27922 27267 27267 27256 26731 28339 28002 27999 27922 27267 27267 27256 26731 28339 28002 27999 27922 27267 27267 27256 26731 28339 28002 27999 27922 27267 27267 27256 26731 28339 28002 27999 27922 27267 27267 27256 26731 28339 28002 27999 27922 27267 27267 27256 26731 28339 28002 27879 27879 27879 27879 27879 27879 27879 27879 27879 27879 27879 27879 27879 27879 27879 27879 28139 28416
28161 28122 27773 28339 27887 27928 27917 27922 27256 26731 28002 27773 28339 27917 27922 28130 26791 26789 27390 26805 27647 27267 27256 26731 26738 28139 28416 28416
28388 28178 27977 27887 28161 27928 27973 27666 27973 28822 27668 28072 27670 28072 28823 27672 27917 27922 27256 28002
28122 27887 27773 28067 28339 15414 27256 26731 28002 27773 28067 28339 15414 28048 28130 26791 26789 26780 27647 27267 27256 27130 26731 26740 26739 28139 28416
28122 28116 27773 28067 28339 28067 28339 28067 28339 28067 28339 28067 28339 28067 28339 28067 28339 28067 28339 28067 28339 28067 28339 28067 28339 28067 28339 28067 28339 28067 28339 28067 28339 28067 28339 28067 28339 28067 28339 28067 28339 28067 28339 28067 28339 28067 28339 28067 28339 28067 28339 28067 28339 28067 28339 28067 28339 28067 28339 28067 28339 28737 28737 28737 28002 28737 28002 28737 28002 28737 28002 28737 28002 28737 28002 28737 28002 28737 28002 28737 28002 28737 28002 28737 28002 28737 28002 28737 28002 28737 28002 28737 28002 28737 28002 28737 28002 28737 28002 27773 28072 28067 28339 28067 28339 28067 28339 25979 28067 28339 25979 28067 28339 25979 28067 28339 25979 28067 28339 28067 28339 28067 28339 28067 28339 28067 28339 28067 28339 28067 28339 28067 28339 28067 28339 28067 28339 28067 28339 28067 28339 28067 28339 28067 28339 25979 28067 28339 25979 25979 28067 28339 28067 28339 28067 28339 28067 28339 28067 28339 28067 28339 28067 28339 28067 28339 28737 28737 28002 28737 25979 28002 28737 25979 28002 28274 26332 26829 26805 26828 26380 26384 26386 26388 27309 28737 27999 25979 25979 25979 28823 28078 27879 27781 27879 27879 27879 27879 27879 27879 27879 27879 27879 27879 27879 27879 27879 27879 27879 27879 27879 27879 27879 27879 27879 27781 27781 27781 27781 27781 27781 27974 27974 27973 27973 27896 27841 28139
28388 28178 28161 27887 27919 27917 26731 27922 27256 28002
28122 27887 27773 28339 15414 26731 28002 27773 28339 15414 28130 26791 26789 27390 26805 27647 27267 27130 26731 26740 26739 28139 28416 28416
27928 27666 27668 27670 27672 27917 27256 27928 27666 27668 27670 27672 27917 27256 27130
28161 28122 27773 28339 27887 27928 27917 27922 27256 26731 28002 27773 28339 27917 27922 28130 26791 26789 27390 26805 27647 27267 27256 26731 26738 28139 28416 28416
28122 27887 27773 28339 15414 26731 28002 27773 28339 15414 28130 26791 26789 27390 26805 27647 27267 27130 26731 26740 26739 28139 28416 28416
28737 28067 28002 28003 28002 28004
28161 28122 27773 28339 27887 27928 27917 27922 27256 26731 28002 27773 28339 27917 27922 28130 26791 26789 27390 26805 27647 27267 27256 26731 26738 28139 28416 28416
28122 27887 27773 28067 28339 15414 27256 26731 28002 27773 28067 28339 15414 28048 28130 26791 26789 26780 27647 27267 27256 27130 26731 26740 26739 28139 28416
28274 28122 26380 26384 26386 26388 25979 25979 27773 28067 28339 27999 27781 27773 28067 20998 28339 28002 28339 28002 27999 28139
28122 27887 27919 27917 26731 27130 27773 28339 28002 28139 28416