26384 26386 26388 26380
26384 26386 26388 26380
27378 26825 26828 26829 26380 26391 26388 26403 26384 26397 26386 26400
27378 26380 26391 26388 26403 26384 26397 26386 26400 26163 26332
27378 26825 26828 26829 26380 26391 26388 26403 26384 26397 26386 26400 26175 26163 26332
28274 26163 28130 26789 26791 26780 27378 26380 26384 26388 26386
28274 26380 26384 26388 26386
28274 26163 28130 26789 26791 26780 27378 26380 26384 26388 26386
26828 26829 26380 26384 26386 26388 26163 28130 27647 26789 26780 27378
26828 26829 26380 26384 26386 26388 26163 27309 28130 26789 26780 27378
27766 28388 28274 26388 26384 26380 26386 27977 28737 28339 28339 28339 27999 28139
28274 26163 27309 26829 26805 26828 26332 26380 26384 26386 26388
28274 26380 26384 26386 26388 26163
28274 28130 27647 27378 26380 26384 26386 26388 26163
28274 28274 28130 28130 26789 26805 27647 26780 26789 26805 27647 27378 26805 26828 26829 26384 26386 26388 26380 26163 27378 26384 26386 26388 26380 26163 27773 28067 28339 27999 27773 28067 28827 28339 27999
26380 26388 26386 26384 26391 26403 26400 26397
26828 26829 26380 26384 26386 26388 26163 28130 27647 26789 26780 27378
26828 26829 26380 26384 26386 26388 26163 27309 28130 26780 27378
26388 26384 26386 26380
28274 26380 26384 26386 26388 26828 26829 28130 26791 27394 27647 27378
28274 26380 26384 26386 26388 26828 26829 27309
28274 26829 26828 26384 26388 26386 26163 26829
28274 26829 26828 26380 26384 26386 26388 26163
26828 26829 26380 26384 26386 26388 26163 28130 27647 26789 26780 27378
26828 26829 26380 26384 26386 26388 26163 27309 28130 26780 27378
28274 26805 26828 26829 26380 26384 26386 26388 26163 28130 26805 27647 26789 27390 27378
28274 26805 26828 26829 26380 26384 26386 26388 26163 27309 28130 27390 27378
28274 26805 26828 26829 26380 26384 26386 26388 26163 28130 26805 27647 26789 27390 27378
28274 26805 26828 26829 26380 26384 26386 26388 26163 27309 28130 27390 27378
26828 26829 26380 26384 26386 26388 26163 28130 27647 26789 26780 27378
26828 26829 26380 26384 26386 26388 26163 27309 28130 26780 27378
26828 26829 26380 26384 26386 26388 26163 28130 27647 26789 26780 27378
26828 26829 26380 26384 26386 26388 26163 27309 28130 26780 27378
26388 26386 26380 26384 26163
28274 26163 27309 26332 26380 26384 26388 26386
28274 26163 27309 26175 26380 26384 26388 26386 26332
28274 28130 26789 27378 26163 27309 26175 26380 26384 26388 26386
28274 26163 27309 26175 26380 26384 26388 26386 26332
28274 26163 27309 26388 26386 26384 26380
28274 26388 26380
28274 26388 26380 26384 26386
28274 26388 26380
28274 26388 26380
28274 26163 27309 26380 26384 26386 26388 26332
28274 26163 27309 26380 26384 26386 26388 26828 26829 28130 27390 27378 26332
28127 28130 26791 26780 28274 27378 20998 26380 20998 26388 20998 26384 20998 26386 28130 26791 26780 28274 26828 26829 27378 20998 26380 20998 26388 20998 26384 20998 26386 27994 28339 28072 27999 27999 27973 27879
27378 26825 26828 26829 26380 26391 26388 26403 26384 26397 26386 26400
27378 26380 26391 26388 26403 26384 26397 26386 26400 26163 26332
27378 26825 26828 26829 26380 26391 26388 26403 26384 26397 26386 26400 26175 26163 26332
26163 27309 26388 26380 26384 26386
26163 27309 26380 26384 26386 26388 26380 26384 26386 26388 26380 26384 26386 26388 26380 26384 26386 26388
26384 26386 26388 26380
26805 26403 26388 26400 26386 26391 26380 26397 26384
26403 26388 26400 26386 26391 26380 26397 26384
26828 26829 26380 26384 26386 26388 26163 28130 27647 26789 26780 27378
26828 26829 26380 26384 26386 26388 26163 27309 28130 26780 27378
28274 26828 26829 26380 26384 26386 26388 26163 28130 26789 27390 27378 28274 26380 26384 26386 26388 26163 27309 28130 27378
28130 26791 26789 26780 28274 26380 26388 26386 26384 26163 27378 28274 26380 26388 26386 26384 26163 27378 28067 28339 28825 28737 27999 28737 27999
28067 28339 28274 26380 26388 26386 26384 28130 26780 26789 26163 26163 26332 27378 28737 27999
28122 27773 28067 28339 28274 26380 26805 26391 26384 26805 26397 26386 26805 26400 26388 26805 26403 27999 28139 28416
26828 26829 26380 26384 26386 26388 26163 28130 27647 26789 26780 27378
26828 26829 26380 26384 26386 26388 26163 27309 28130 26780 27378
28274 26388 26384 26386 26380 26163 27309 19271 26175
26828 26829 26380 26384 26386 26388 26163 28130 27647 26789 26780 27378
26828 26829 26380 26384 26386 26388 26163 27309 28130 26780 27378
28274 26163 26388 26386 26384 26380 27309 26332 28274 26163 26388 26386 26384 26380 27309 26332 28274 26163 26388 26386 26384 26380 27309 26829 26805 26828
28274 28130 26789 27378 26384 26386 26380 26388 26163 27309
28274 26384 26386 26380 26388 26163 27309 26175 26332
28274 26384 26386 26380 26388 26163 27309 26332
27378 26825 26828 26829 26380 26391 26388 26403 26384 26397 26386 26400
27378 26380 26391 26388 26403 26384 26397 26386 26400 26163 26332
27378 26825 26828 26829 26380 26391 26388 26403 26384 26397 26386 26400 26175 26163 26332
26384 26386 26388 26380
26388 26403
26380 26384 26386 26388 26380 26805 26391 26384 26805 26397 26386 26805 26400 26388 26805 26403
27791 26388 26384 26386 26380
27977 27977 27773 28737 28737 28067 28274 28000 26118 26386 26384 26388 26380 26386 26384 26388 26380 26386 26384 26388 26380 26386 26384 26388 26380 26386 26384 26388 26380 26386 26384 26388 26380 26386 26384 26388 26380 26386 26384 26388 26380 26386 26384 26388 26380 27999
28274 28130 26791 26789 27390 27378 26163 26828 26829 26380 26388 26386 26384 28127 28127 28127
28274 26163 26380 26388 26386 26384
23915 26380 26384 26386 26388 24044 27635
26828 26829 26380 26384 26386 26388 26163 28130 27647 26789 26780 27378
26828 26829 26380 26384 26386 26388 26163 27309 28130 26780 27378
26828 26829 26380 26384 26386 26388 26163 28130 27647 26789 26780 27378
26828 26829 26380 26384 26386 26388 26163 27309 28130 26780 27378
27378 26825 26828 26829 26380 26391 26388 26403 26384 26397 26386 26400
27378 26380 26391 26388 26403 26384 26397 26386 26400 26163 26332
27378 26825 26828 26829 26380 26391 26388 26403 26384 26397 26386 26400 26175 26163 26332
26828 26829 26380 26384 26386 26388 26163 28130 27647 26789 26780 27378
26828 26829 26380 26384 26386 26388 26163 27309 28130 26780 27378
26828 26829 26380 26384 26386 26388 26163 28130 27647 26789 26780 27378
26828 26829 26380 26384 26386 26388 26163 27309 28130 26780 27378
28274 26828 26829 26380 26384 26386 26388 26163 28130 26789 27390 27378 28274 26380 26384 26386 26388 26163 27309 28130 27378
27378 26825 26828 26829 26380 26391 26388 26403 26384 26397 26386 26400
27378 26380 26391 26388 26403 26384 26397 26386 26400 26163 26332
27378 26825 26828 26829 26380 26391 26388 26403 26384 26397 26386 26400 26175 26163 26332
28274 26380 26384 26386 26388 28274 28130 27647 26780 26380 26384 26386 26388 26828 26829 27378 28127 27977 27879 28737 28077 27776 28077 27977 28737
26380 26384 26388 26386
26828 26829 26380 26384 26386 26388 26163 28130 27647 26789 26780 27378
26828 26829 26380 26384 26386 26388 26163 27309 28130 26780 27378
28274 26380 26384 26386 26388 26828 26829 28130 26791 27394 27647 27378
28274 26380 26384 26386 26388 26828 26829
28274 26380 26384 26386 26388 26828 26829 27309
28274 26828 26829 26380 26384 26386 26388 26163 26332
28130 27647 27378 26386 26805 26400 26384 26805 26397 26388 26805 26403 26380 26805 26391
28122 27773 28067 28339 28274 26380 26805 26391 26384 26805 26397 26386 26805 26400 26388 26805 26403 27999 28139 28416
28130 26780 26791 28274 27378 26805 26828 26829 26380 26384 26386 26388
28130 26791 28274 27378 26380 26384 26386 26388
27378 26825 26828 26829 26380 26391 26388 26403 26384 26397 26386 26400
27378 26380 26391 26388 26403 26384 26397 26386 26400 26163 26332
27378 26825 26828 26829 26380 26391 26388 26403 26384 26397 26386 26400 26175 26163 26332
28274 26380 26384 26388 26386 26828 26829 28130 26789 26780 27378
28274 26380 26384 26388 26386 28130 26789 27378
28274 26380 26384 26388 26386 26828 26829 28130 26789 27378
26380 26384 26386 26388 26380 26805 26391 26384 26805 26397 26386 26805 26400 26388 26805 26403
26828 26380 26384 26386 26388 26163 26332
26828 26829 26380 26384 26386 26388 26163 28130 27647 26789 26780 27378
26828 26829 26380 26384 26386 26388 26163 27309 28130 26780 27378
26828 26829 26380 26384 26386 26388 26163 28130 27647 26789 26780 27378
26828 26829 26380 26384 26386 26388 26163 27309 28130 26780 27378
26828 26829 26380 26384 26386 26388 26163 28130 27647 26789 26780 27378
26828 26829 26380 26384 26386 26388 26163 27309 28130 26780 27378
28122 27773 28067 28339 28274 26380 26805 26391 26384 26805 26397 26386 26805 26400 26388 26805 26403 27999 28139 28416
26388 26380 26384 26386
28161 28274 26828 28158 26175 26380 26384 26386 26388 28274 26828 26829 26380 26384 26386 26388 28274 26828 26829 26380 26384 26386 26388 28274 26380 26384 26386 26388 28274 26380 26384 26386 26388 28158 26175 28122 28388 27773 28067 28827 28825 28827 28825 28827 28339 27999 27879 28827 28339 27999 26898 28339 27999 28827 28339 27999 20998 27896 28139
28274 26163 27309 26829 26805 26828 26332 26380 26384 26386 26388
28130 28274 26780 26789 26380 26384 26386 26388 26163 27378
28130 28274 26789 26163 27309 26380 26384 26386 26388 27378 26332
26380 26388 26384 26386
28274 26380 26388 26386 26384
28130 26791 26789 26780 28274 26380 26388 26386 26384 26163 27378 28274 26380 26388 26386 26384 26163 27378 28067 28339 28825 28737 27999 28737 27999
28067 28339 28274 26380 26388 26386 26384 28130 26780 26789 26163 26163 26332 27378 28737 27999
26828 26829 26380 26384 26386 26388 26163 28130 27647 26789 26780 27378
26828 26829 26380 26384 26386 26388 26163 27309 28130 26780 27378
28122 27784 28274 27309 26163 26388 26384 26386 26380 27773 28067 28339 27999
27378 26163 27378 26163 27378 26163 27470 27249 27378 26163 26388 27378 26163 26388 27378 26163 26388 26386 27378 26163 27378 26163 26386 27378 26163 26388 27378 26163 26388 26133 27378 26175 26163 26388 26386 27378 26163 26133 27378 26175 26163 26386 27378 26163 26388 27378 26163 26388 26133 27378 26175 26163 26388 26386 27378 26163 26133 27378 26175 26163 26386 27378 26163 26388 27378 26163 26388 26133 27378 26175 26163 26388 26386 27378 26163 26133 27378 26175 26163 26386 27378 26163 27378 26163 26388 26380 27378 26163 26388 27378 26163 26386 26386 27378 26163 26388 26384 26380 26133 27378 26163 26175 26388 26386 26380 27378 26163 26388 26133 27378 26163 26175 26388 26386 27378 26163 26133 27378 26163 26175 26386 27378 26163 26133 27378 26163 26175 26386 27378 26163 26388 26133 27378 26163 26175 26388 26386 27378 26163 26133 27378 26163 26175 26386 27378 26163 26133 27378 26163 26175 26386 27378 26163 26388 26380 26828 26829 26133 27378 26163 26175 26388 26380 26386 26828 26829 27378 26163 26388 26380 26133 27378 26163 26175 26388 26380 26386
28274 28130 26789 27378 26384 26386 26380 26388 26163 27309
28274 26384 26386 26380 26388 26163 27309 26175 26332
28274 26384 26386 26380 26388 26163 27309 26332
26828 26829 26380 26384 26386 26388 26163 28130 27647 26789 26780 27378
26828 26829 26380 26384 26386 26388 26163 27309 28130 26780 27378
28274 26828 26829 26380 26384 26386 26388 26163 27309 28130 26780 26789 27378
28274 26828 26829 26380 26384 26386 26388 26163 28130 26780 26789 27378
28274 26380 26384 26388 26386 26828 26829 28130 26789 26780 27378
28274 26380 26384 26388 26386 28130 26789 27378
28274 26380 26384 26388 26386 26828 26829 28130 26789 27378
26380 26384 26388 26386
28130 26789 27390 28274 26380 26391 26384 26397 26386 26400 26388 26403 27378 26332 26163 27309
28130 28274 26380 26391 26384 26397 26386 26400 26388 26403 27378 26332 26163 27309
26388
28274 26388 26380
28274 26388 26380 26384 26386
28274 26388 26380
28274 26388 26380
26828 26829 26380 26384 26386 26388 26163 28130 27647 26789 26780 27378
26828 26829 26380 26384 26386 26388 26163 27309 28130 26780 27378
28274 28130 26789 27378 26384 26386 26380 26388 26163 27309
28274 26384 26386 26380 26388 26163 27309 26175 26332
28274 26384 26386 26380 26388 26163 27309 26332
26380 26388
26380 26388 26386 26384 26163
28274 26388 26380 26384 26386
28274 26388 26380 26384 26386
28274 26163 27309 26388 26380 26384 26386 28130 26791 26789 27647 27390 27378
28274 26163 27309 26388 26380 26384 26386 28130 26791 26789 27647 27378
28122 27773 28067 28339 28274 26380 26805 26391 26384 26805 26397 26386 26805 26400 26388 26805 26403 27999 28139
26380 26384 26386 26388 26163
28130 26780 26791 28274 27378 26805 26828 26829 26380 26384 26386 26388
28130 26791 28274 27378 26380 26384 26386 26388
28274 26163 27309 26828 26829 26825 28130 27390 26789 27378 26380 26384 26388 26386
28274 26163 27309 28130 27390 27378 26380 26384 26388 26386
28274 27309 26380 26384 26388 26386
28127 28274 26380 26384 26386 26388 26805 26403 27773 28067 28339 27999 28139 28416
26380 26388 26386 26384 26391 26403 26400 26397