28130 26789 26791
28130 26789 26780 26791
28130 26789 26780 26791
28130 26791 26789 28274 27378
28130 26780 26791 27515 27378
28130 26791 27515 27378 26384 26380 26386 26388
28130 26791 27515 27378 26384 26380 26386 26388
28130 26791 27515 27378
26163 28130 26791 27515 27378
28130 26791 27515 27378 26384 26380 26386 26388
28130 26791 27515 27378 26384 26380 26386 26388
28130 26791 27515 27378 26384 26380 26386 26388
28130 26791 27515 26780 27378
28130 26791 27515 27378
28130 26791 27515 26780 26163 27378
28130 26791 27515 26780 26163 27378
28130 26791 27515 26163 27378 26384 26380 26386 26388
28274 28130 26791 26789 27378 26163
28274 28130 26791 26789 27378 26163
28130 26789 26791
28130 26789 26791 26780
28130 26789 26791 27647
28130 26789 26791 27647
26332 26332 26332 26829
26829 26829 26332 26829 26332 26829 26332 26332 26332 26332 26332
28274 28130 26791 26789 27378 26163
28274 28130 26791 26789 27378 26163
26789 26791 27392
26789 26791 26780
26789 26791 27392
26789 26791 26780
26789 26791 26780
26789 26791 26780
28274 28130 26791 27378 26163 27309 26332
28274 28130 26791 27378 26163 27309 26175 26332
28274 28130 26791 27378 26163 27309
28274 28130 26791 27378 26163 27309 26175 26332
28130 26791 26780 27515 26780
28130 26791 26789 27647 26780
28130 26791 26789 26780
26791