27977
28737
28067
28067
26163
26163
27378
21154
21168
26163
27378 26163 27378 26163 27378 26163 27470 27249 27378 26163 26388 27378 26163 26388 27378 26163 26388 26386 27378 26163 27378 26163 26386 27378 26163 26388 27378 26163 26388 26133 27378 26175 26163 26388 26386 27378 26163 26133 27378 26175 26163 26386 27378 26163 26388 27378 26163 26388 26133 27378 26175 26163 26388 26386 27378 26163 26133 27378 26175 26163 26386 27378 26163 26388 27378 26163 26388 26133 27378 26175 26163 26388 26386 27378 26163 26133 27378 26175 26163 26386 27378 26163 27378 26163 26388 26380 27378 26163 26388 27378 26163 26386 26386 27378 26163 26388 26384 26380 26133 27378 26163 26175 26388 26386 26380 27378 26163 26388 26133 27378 26163 26175 26388 26386 27378 26163 26133 27378 26163 26175 26386 27378 26163 26133 27378 26163 26175 26386 27378 26163 26388 26133 27378 26163 26175 26388 26386 27378 26163 26133 27378 26163 26175 26386 27378 26163 26133 27378 26163 26175 26386 27378 26163 26388 26380 26828 26829 26133 27378 26163 26175 26388 26380 26386 26828 26829 27378 26163 26388 26380 26133 27378 26163 26175 26388 26380 26386
26163
28122 27773 28274 26163 28067 28339 27999 27773 28067 28339
26163
26163
26163 27309 26388 26380 26384 26386
28122 27773 28274 26163 28067 28339 27999 27773 28067 28339
28122 27773 28274 26163 28067 28339 27999
28178 28130 26791 26789 26780 27647
28178 28274 26388 26380 26384 26386 26828 26829 26163 19271 26175 27378
28178 26163 26332 27773 28087 28067 28339 27999
28274 28130 26791 26789 27378 26163
28274 28130 26791 26789 27378 26163
23915 26163 24044 23847 23847 23847 23847 27635 23847
23915 26163 24044 27635
26163 27309
26163 27309
28122 27773 28274 26163 26163 28274 26163 26163 28274 26163 26163 28130 26780 27378 28067 27999 28339 28274 26163 26163 28130 26780 27378 27773 28067 28827 28339 28339 27999 28139
27994 27991 28827 27997 27980 28825
28122 27773 27791 28067 28339 28274 28130 27390 26789 26791 27378 26163 27309 26388 26380 26384 26386 27999 28139 28416 28123 28416
28274 28130 26791 26789 26780 27378 26163 27309
26163
23915 26163 24044 27374 27390 27394 27379 27635
28274 26163
26163 27309
28130 27390 26789 26791 28274 26163 27309 27378
28274 28130 27394 27647 27378
28130 26791 26789 28274 26163 27309 26332 27378
28122 27773 28274 26163 28067 28339 27999 27773 28067 28339
28122 27784 28274 27309 26163 26388 26384 26386 26380 27773 28067 28339 27999
28122 28274 26163 27309 27773 28067 28339 16663 16663 27781 28067 28339 28067 28339 28067 28339 28067 28339 28067 28339 28067 28339 28067 28339 28139 28416
23850
23915 26163 24044 27390 27374 27635 23850
23915 26163 24044 27390 27635
23915 26163 24044 27392 24026 27635
23915 24044 23847
28274 26163 26828 26829
28274 26163
28274 26163 26828 26829
28274 26163
28067 28339 28274 26163 27999
28130 26780 26789 28274 27378 26163 28122 27791 27773 28067 27979 27999 28339
26163
28122 27773 28274 26163 28067 28339 27999 27773 28067 28339
28274 28130 26791 26789 27378 26163
28274 28130 26791 26789 27378 26163
28122 27773 28067 28339 28274 26163 26163 26828 26829 27791 28067 27999 28339 28139 28416
26163
26829 26828
26163 27309
27791
26380 26384 26388 26386
27841
27841
27378
27309 26829 26163 26805 26828 26780 26805 27647
26118
28122 27773 28081 16803 16803 28139 28416
28067 28339 28274 26163 27309 27999
23915 23915 24044 27379 27390 27374 27635 24011 24007 26163
28122 27773 28130 26791 26789 26780 28274 27378 26163 28067 28339 27999 27879
26331 26775 26776 26781 26778 26359 26363 26367 26365 26121 27646 27646 27646 17198 17198 17198 26822 26822 27646 17198 17198 17198
28274
26332 26144 28239 27646 27514 26774 26777 28276 28130 26780 27392 27394 26793 27378 26384 26386 26388 26380 26163 26163 26163 26163
26378 26368 26376 26366 26370 26360 26374 26364
26818
26819
26805 26403 26388 26400 26386 26391 26380 26397 26384
26805 26825
26805 26828
26368 26158 26366 26154 26360 26132 26364 26150
26818
26819
26403 26388 26400 26386 26391 26380 26397 26384
26825
26828
26133 26175 26820 26829 26143 27378
26134 28825 26133
26142
26143
26122
26160
26331
28825 28825 26175 26175 26175
26829 26829
27378
26163
27309
26332
26133
28274 28130 26791 26789 26780 27378 26163 26805
26163
28122 27773 28274 26163 28067 28339 27999 27773 28067 28339
28158 26175 26163 27378 28067 27979 27999 27989
23915 26163 26163 24044 27374 27390 27390 27374 27635 27379
28274 28274 27309 26163 26829 26828 28130 26780 27647 27378 27309 26163 26332 28122 27773 28078 28067 28339 27999 25979 27773 28067 27999 28339 27781 25979 25979
28416 28416 28139 28416
28274 26386 26805 26400 26380 26805 26391 26384 26805 26397 26388 26805 26403
28130 27390 27378 27392 27378 27394 27378
26163 26163 26163
28274 26386 26805 26400 26380 26805 26391 26384 26805 26397 26388 26805 26403
28130 26780 27378 27392 27378 27394 27378
26163 26163 26163
28122 27773 28274 26163 28067 28339 27999
28274 26163 27309 28130 26791 27647 27378 28122 27791 27773 28067 28339 27999 28139
26805 27647 27378 27309 26163 26805 26828 26829 27309
26805 27647 27378 27309 26163 26805 26828 26829 27309
26805 27647 27378 27309 26163 26805 26828 26829 27309
26805 27647 26780 27309 26163 27378 26805 26828 26829 27309
26805 27647 26780 27378 27309 26163 26805 26828 26829 27309
26805 27647 27378 26805 26828 26829 27309
26805 27647 27378 26805 26828 26829 27309
28122 27773 28274 26163 28067 28339 27999
23915 26163 24044 27635 23847 27635 23847
28122 27773 28274 26163 26805 26828 26829 28067 28339 27999 28139 28416
26163 27309
26163
28122 27773 28274 26163 28067 28339 27999 27773 28067 28339
23915 26163 24044 23847 23847 23847 23847 27635 23847
26163
24044
28122 27773 28274 26805 26828 26829 26380 26805 26391 26163 27309 28130 26805 27647 27390 27392 26789 27394 26791 27378 27999 28339
28274 28130 26780 27647 26332 27378 27999
28274 26163 27309 26332
28274 26163 27309 26175 26332
28274 28130 26789 27378 26163 27309
28274 26163 27309 26175 26332
28274 26163 26828 26829
28274 26163
28274 26163 26828 26829
28274 26163
28274 28130 26791 26789 27378 26163 26380 26805
28122 27791 27773 28067 28339 28274 26163 27309 27999 28139
26163
28122 27773 28067 28339 27791 27781 27781 27773 28078 28067 28274 26163 27309 27999 28339 27773 28078 28067 28274 26163 27309 28339 27999 27773 28067 28274 26163 27309 28339 27999 28078 27781 27773 28067 28274 26163 27309 27999 28339 28078 27773 28067 28274 26388 26805 26403 28339 27999 28139
28122 27773 28067 28339 28274 26828 26829 28130 27647 26789 27378 26163 26380 26384 26386 26388 26805 26403 27999 27791 28139 28416
28122 27773 28067 28339 27773 28067 28339 28274 26163 26186 27999
26163
28122 27773 28067 28339 28274 26388 26386 26380 26384 26163 27999 28139 28416
26163
26163 26163 26163 26163
28122 27773 28274 26163 28067 28339 27999 27773 28067 28339
28274 26332 27378 26163 27309
28274 26829 26828 26825 28130 27647 27390 27378 26163
28130 27390 26789 26791 28274 27378 26163
28130 26789 28274 26791 27378 26163