28161 28274 28130 27394 26805 27647 27378 28122 27773 28339 27926 28006 27999 27773 28339 27926 28006 27999 27773 28339 27926 28006 27999 28122 27773 28339 27773 28339 27926 28006 27999 28139 28416 28416
27926
27926
28161 28274 28130 27394 26805 27647 27378 28122 27773 28339 27926 28006 27999 27773 28339 27926 28006 27999 27773 28339 27926 28006 27999 28122 27773 28339 27773 28339 27926 28006 27999 28139
28161 28274 28130 27394 26805 27647 27378 28122 27773 28339 27926 28006 27999 27773 28339 27926 28006 27999 27773 28339 27926 28006 27999 28122 27773 28339 27773 28339 28139
27926
27926
28416 25016 25016 25016 27301 27926 24867 26225 27301 27926 24869 28139 28416
25016 25016 25016 27301 27926 24867 26225 27301 27926 24869 28139 28416 28416
28122 28161 28274 28130 27394 27647 27378 27773 28339 27926 26738 28006 27999 27773 28339 27926 26738 28006 27999 27773 28339 27926 26738 28006 27999 28139
28161 28274 28130 27394 26805 27647 27378 28122 27773 28067 28339 27926 26738 28006 27999 27773 28067 28339 27926 26738 28006 27999 27773 28067 28339 27926 26738 28006 27999 28122 27773 28067 28339 27773 28067 28339 27926 26738 28006 27999 28139 28416
27975 27975 27977 27973 28339 28388 28178 27926 26738 28006 27926 26241 28006
25016 27635 27926 26738
25016 25016 25016 27301 27926 24867 26225 27301 27926 24869 28139 28416 28416
28161 28274 28130 27394 26805 27647 27378 28122 27773 28339 27926 28006 27999 27773 28339 27926 28006 27999 27773 28339 27926 28006 27999 28122 27773 28339 27773 28339 27926 28006 27999 28139
28122 28161 28274 28130 27394 27647 27378 27773 28339 27926 26738 28006 27999 27773 28339 27926 26738 28006 27999 27773 28339 27926 26738 28006 27999 28139
27926
27926
25016 25016 25016 27301 27926 24867 26225 27301 27926 24869 28139 28416 28416
28122 28161 28274 28130 27394 27647 27378 27773 28339 27926 26738 28006 27999 27773 28339 27926 26738 28006 27999 27773 28339 27926 26738 28006 27999 28139
28161 28274 28130 27394 26805 27647 27378 28122 27773 28339 27926 28006 27999 27773 28339 27926 28006 27999 27773 28339 27926 28006 27999 28122 27773 28339 27773 28339 27926 28006 27999 28139 28416 28416
27926
27926
27926
28416 25016 25016 25016 27301 27926 24867 26225 27301 27926 24869 28139 28416
28122 28161 28274 28130 27394 27647 27378 27773 28339 27926 26738 28006 27999 27773 28339 27926 26738 28006 27999 27773 28339 27926 26738 28006 27999 28139
28122 28161 28274 28130 27394 27647 27378 27773 28339 27926 26738 28006 27999 27773 28339 27926 26738 28006 27999 27773 28339 27926 26738 28006 27999 28139
25016 25016 25016 27301 27926 24867 26225 27301 27926 24869 28139 28416 28416
25016 25016 25016 27301 27926 24867 26225 27301 27926 24869 28139 28416 28416
28161 28274 28130 27394 26805 27647 27378 28122 27773 28067 28339 27926 26738 28006 27999 27773 28067 28339 27926 26738 28006 27999 27773 28067 28339 27926 26738 28006 27999 28122 27773 28067 28339 27773 28067 28339 27926 26738 28006 27999 28139 28416
28161 28274 28130 27394 26805 27647 27378 28122 27773 28339 27926 26738 28006 27999 27773 28339 27926 26738 28006 27999 27773 28339 27926 26738 28006 27999 28122 27773 28339 27773 28339 27926 26738 28006 27999 28139 28416 28416
25016 25016 25016 27301 27926 24867 26225 27301 27926 24869 28139 28416 28416
28416 25016 25016 25016 27301 27926 24867 26225 27301 27926 24869 28139 28416
25016 25016 25016 27301 27926 24867 26225 27301 27926 24869 28139 28416 28416
27926
28161 28274 28130 27394 26805 27647 27378 28122 27773 28339 27926 28006 27999 27773 28339 27926 28006 27999 27773 28339 27926 28006 27999 28122 27773 28339 27773 28339 28139
28161 28274 28130 27394 26805 27647 27378 28122 27773 28339 27926 28006 27999 27773 28339 27926 28006 27999 27773 28339 27926 28006 27999 28122 27773 28339 27773 28339 27926 28006 27999 28139 28416
25016 25016 25016 27301 27926 24867 26225 27301 27926 24869 28139
27926
27926
28161 28274 28130 27394 26805 27647 27378 28122 27773 28339 27926 26738 28006 27999 27773 28339 27926 26738 28006 27999 27773 28339 27926 26738 28006 27999 28122 27773 28339 27773 28339 27926 26738 28006 27999 28139
28161 28274 28130 27394 27378 28122 27773 28339 27926 28006 27999 28139 28416
27975 27975 27977 27973 28339 28388 28178 27926 26738 28006 27926 26241 28006
28161 28274 28130 27394 26805 27647 27378 28122 27773 28067 28339 27926 26738 28006 27999 27773 28067 28339 27926 26738 28006 27999 27773 28067 28339 27926 26738 28006 27999 28122 27773 28067 28339 27773 28067 28339 27926 26738 28006 27999 28139 28416
28161 28274 28130 27394 26805 27647 27378 28122 27773 28339 27926 28006 27999 27773 28339 27926 28006 27999 27773 28339 27926 28006 27999 28122 27773 28339 27773 28339 27926 28006 27999 28139 28416 28416
28122 28161 28274 28130 27394 27647 27378 27773 28339 27926 26738 28006 27999 27773 28339 27926 26738 28006 27999 27773 28339 27926 26738 28006 27999 28139
28416 25016 25016 25016 27301 27926 24867 26225 27301 27926 24869 28139 28416
28161 28274 28130 27394 26805 27647 27378 28122 27773 28339 27926 26738 28006 27999 27773 28339 27926 26738 28006 27999 27773 28339 27926 26738 28006 27999 28122 27773 28339 27773 28339 27926 26738 28006 27999 28139 28416 28416
28161 28274 28130 27394 26805 27647 27378 28122 27773 28339 27926 26738 28006 27999 27773 28339 27926 26738 28006 27999 27773 28339 27926 26738 28006 27999 28122 27773 28339 27773 28339 27926 26738 28006 27999 28139 28416 28416
28161 28274 28130 27394 26805 27647 27378 28122 27773 28339 27926 28006 27999 27773 28339 27926 28006 27999 27773 28339 27926 28006 27999 28122 27773 28339 27773 28339 27926 28006 27999 28139
28161 28274 28130 27394 26805 27647 27378 28122 27773 28339 27926 28006 27999 27773 28339 27926 28006 27999 27773 28339 27926 28006 27999 28122 27773 28339 27773 28339 27926 28006 27999 28139 28416 28416
25016 27635 27926 26738
28122 28161 28274 28130 27394 27647 27378 27773 28067 28339 27926 26738 28006 27999 27773 28067 28339 27926 26738 28006 27999 27773 28067 28339 27926 26738 28006 27999 28139
28416 25016 25016 25016 27301 27926 24867 26225 27301 27926 24869 28139 28416
28161 28274 28130 27394 26805 27647 27378 28122 27773 28339 27926 28006 27999 27773 28339 27926 28006 27999 27773 28339 27926 28006 27999 28122 27773 28339 27773 28339 27926 28006 27999 28139 28416 28416
28161
28161 28274 28130 27394 26805 27647 27378 28122 27773 28339 27926 28006 27999 27773 28339 27926 28006 27999 27773 28339 27926 28006 27999 28122 27773 28339 27773 28339 27926 28006 27999 28139 28416 28416
25016 25016 25016 27301 27926 24867 26225 27301 27926 24869 28139 28416 28416
28416 25016 25016 25016 27301 27926 24867 26225 27301 27926 24869 28139 28416
25016 25016 25016 27301 27926 24867 26225 27301 27926 24869 28139 28416 28416
25016 25016 25016 27301 27926 24867 26225 27301 27926 24869 28139 28416 28416
25016 25016 25016 27301 27926 24867 26225 27301 27926 24869 28139 28416 28416
28416 25016 25016 25016 27301 27926 24867 26225 27301 27926 24869 28139 28416
28161 28274 28130 27394 26805 27647 27378 28122 27773 28339 27926 28006 27999 28139 28416
28388 28274 28130 27394 26805 27647 27378 28161 27926 27977 28737 27999 27977 28737 28006 28139 28416
28161 28274 28130 27394 26805 27647 27378 28122 28122 28122 27773 28067 28339 27926 28006 27999 27773 28067 28339 27926 28006 27999 28139 28416
28161 27928 28158 27923 27926 27922
27926
27926
27926
28122 28161 28274 28130 27394 27647 27378 27773 28339 27926 26738 28006 27999 27773 28339 27926 26738 28006 27999 27773 28339 27926 26738 28006 27999 28139 28416
25016 25016 25016 27301 27926 24867 26225 27301 27926 24869 28139 28416 28416
28416 25016 25016 25016 27301 27926 24867 26225 27301 27926 24869 28139 28416
28416 25016 25016 25016 27301 27926 24867 26225 27301 27926 24869 28139 28416
28122 28161 28274 28130 27394 27647 27378 27773 28339 27926 26738 28006 27999 27773 28339 27926 26738 28006 27999 27773 28339 27926 26738 28006 27999 28139
28161 28274 28130 27394 26805 27647 27378 28122 27773 28339 27926 28006 27999 28139 28416
25016 27635 27926 26738
28416 25016 25016 25016 27301 27926 24867 26225 27301 27926 24869 28139 28416
25016 25016 25016 27301 27926 24867 26225 27301 27926 24869 28139 28416 28416
25016 25016 25016 27301 27926 24867 26225 27301 27926 24869 28139 28416 28416
27926
27926
28122 28161 28274 28130 27394 27647 27378 27773 28067 28339 27926 26738 28006 27999 27773 28067 28339 27926 26738 28006 27999 27773 28067 28339 27926 26738 28006 27999 28139
25016 25016 25016 27301 27926 24867 26225 27301 27926 24869 28139 28416 28416
28161 28274 28130 27394 26805 27647 27378 28122 27773 28339 27926 28006 27999 27773 28339 27926 28006 27999 27773 28339 27926 28006 27999 28122 27773 28339 27773 28339 27926 28006 27999 28139 28416
27926
27926
28161 28274 28130 27394 26805 27647 27378 28122 27773 28339 27926 26738 28006 27999 27773 28339 27926 26738 28006 27999 27773 28339 27926 26738 28006 27999 28122 27773 28339 27773 28339 27926 26738 28006 27999 28139 28416 28416
25016 27635 27926 24866 25016 27635 27926 24873 25016 24774 24774 24774 27926 24869 25016 27635 27926 24867 25016 27635 27926 24872 23574 28416 28493 27301 27195 28005 26223 26220 27301 27195 28005 5977 5455 26220 27301 27195 28005 28493 27975 26220 27301 27195 28005 26223 26220 28005 5977 5455 26220 28416
25016 25016 25016 27301 27926 24867 26225 27301 27926 24869 28139 28416 28416
25016 25016 25016 27301 27926 24867 26225 27301 27926 24869 28139 28416 28416
28122 28161 27926 26738 27773 28067 28339 28006 28274 28130 27394 26805 27647 27378 27999 28139
27926
27926
28161 28274 28130 27394 26805 27647 27378 28122 27773 28339 27926 28006 27999 27773 28339 27926 28006 27999 27773 28339 27926 28006 27999 28122 27773 28339 27773 28339 27926 28006 27999 28139 28416 28416
28161 28274 28130 27394 26805 27647 27378 28122 27773 28339 27926 28006 27999 27773 28339 27926 28006 27999 27773 28339 27926 28006 27999 28122 27773 28339 27773 28339 27926 28006 27999 28139 28416