28122 28122 21191 28122 28139 28416
21191
28416 28416 28122 28122 21191 28122 28139
28122 28122 21191 28122 27773 28067 28339 28067 28339 28067 28339 28139 28416
28122 28122 21191 28122 28139 28416
28122
28122 28122 21191 28122 27773 28067 28339 28067 28339 28067 28339 28161 27922 28067 28339 28274 28158 26175 28067 28339 27999 28067 28339 28067 27979 28067 28339 28274 26332 26380 26805 26391 26384 26805 26397 26386 26805 26400 26388 26805 26403 27999 28139 28416 28416
28122 28122 21191 28122 28139 28416
21191 28122
28122 28122 21191 28122 28139 28416
21191 28122 28139 28416
28416 28416 28122 28122 21191 28122 28139
28124 21191 21191 21191
28122 28122 21191 28122 28139 28416
28122 27773 28067 28339 28122 28122 21191 28122 28139 28416
21191 20681 20682
21191 28122 28139
21191 28122 27773 28067 28339 28067 28339 27773 28067 28339 28067 28339 27773 28067 28339 27773 28067 28339 28067 28339 28067 28339 28067 28339 28067 28339 28067 28339 28067 28339 27773 28067 28339 28139 28416
21191 28122 28139 28416
21191 28122 27773 28067 28339 27993 28827 27773 28067 28339 28067 28339
28161 28122 27773 28067 28339 28067 28339 27922 28067 28339 28067 28339 27773 28067 28339 28067 28339 27922 28067 28339 28067 28339 28122 21191 28122 28139 28416
28122 28122 21191 28116 28139 28416 28416
28122 28122 21191 28116 28139 28416
28122 28122 21191 28122 28139 28416
28122 28122 21191 28116 28139 28416
21191 28122 21191 28122 28139 28416
28122 28122 21191 28139 28416
28122 28122 21191 28122 28139 28416
28122 28122 21191 28122 28139 28416
21191 28122
28122 28122 21191 28116 28139 28416
28122 28122 21191 28122 28139 28416
28122 28122 21191 28122 28139 28416
28377 21191 27829 27844
28122 28122 21191 28122 28139 28416
28122 28122 21191 28122 28139 28416
21191 28122 28122 28122 28139 28416
21191 28122 28161 27773 28067 28339 28067 28339 27922 28067 28339 28067 28339
28161 21191 28122 27773 28067 28339 28274 28158 26175 28067 28339 27999 28067 28339 27999
21191 28122 27773 28067 28339 28067 28339 28067 28339 28067 28339 28067 28339 28067 27979
21191 28122
28122 28122 21191 28122 28139 28416
28122